"Country" "Población" "Gasto1...PIB." "Gasto2...Gobierno." "Gasto.educación.terciaria...gasto.público." "Gasto.total.educación....gasto.público." "Personal.académico.Educación.terciaria...mujer." "Matrícula_terciaria..hombres." "Matrícula_tericaria..mujeres." "MAtrícula_terciaria" "Ratio" "Obtención_Master_total" "Obtención_Master_hombres" "Obtención_Master_mujeres" "Obtención_Doctorado_Total" "Obtención_doctorado_Hombres" "Obtención_doctorado_Mujeres"
"Aruba" 68.6466058859653 NA NA NA NA NA NA NA NA NA NA NA NA NA NA NA
"Afghanistan" 54.3248975483403 NA NA NA NA 13.1861696243286 14.2081003189087 4.90507984161377 9.68642044067383 21.52832 NA NA NA NA NA NA
"Angola" 50.9747016426956 NA NA NA NA NA NA NA NA NA NA NA NA NA NA NA
"Albania" 68.5823903647225 NA NA NA 89.85302734375 56.3533592224121 43.0479698181152 67.57861328125 54.9613304138184 14.06519 NA NA NA NA NA NA
"Andorra" NA 3.2467200756073 19.3230590820313 5.64106 99.2001800537109 47.1831016540527 NA NA NA 4.42958 NA NA NA NA NA NA
"Arab World" 62.6616874900514 NA NA NA NA 38.77722 30.5371494293213 33.9057006835938 32.1738510131836 NA NA NA NA NA NA NA
"United Arab Emirates" 84.3114896450084 NA NA NA NA NA NA NA NA NA 10.0739097595215 10.5208501815796 8.8015604019165 0.905449986457825 1.02474999427795 0.56580001115799
"Argentina" 64.1212772887989 NA NA NA NA NA NA NA NA NA NA NA NA NA NA NA
"Armenia" 68.11276041799 NA NA NA NA 58.2952117919922 47.1190986633301 62.6483917236328 54.5704803466797 6.92216 NA NA NA NA NA NA
"American Samoa" NA NA NA NA NA NA NA NA NA NA NA NA NA NA NA NA
"Antigua and Barbuda" 69.1190827326922 NA NA NA 53.067699432373 NA NA NA NA NA NA NA NA NA NA NA
"Australia" 65.1529077338752 NA NA NA NA NA 91.8328628540039 124.439758300781 107.808052062988 NA 7.80558013916016 7.69718980789185 7.91087007522583 1.13663005828857 1.19965004920959 1.07539999485016
"Austria" 66.7004859083869 NA NA NA NA NA 79.208251953125 94.6315612792969 86.688346862793 NA NA NA NA NA NA NA
"Azerbaijan" 70.4352473888986 2.45543003082275 7.43546009063721 NA 96.3908996582031 59.1435089111328 25.9097309112549 29.6934509277344 27.7084999084473 9.92033 NA NA NA NA NA NA
"Burundi" 52.2513787905443 5.07864999771118 19.9198703765869 NA NA 14.4097204208374 5.05225992202759 3.07171010971069 4.05766010284424 NA NA NA NA NA NA NA
"Belgium" 64.1558335012748 NA NA NA NA 48.3590393066406 68.5491409301758 89.7369995117188 78.9011688232422 NA NA NA NA NA NA NA
"Benin" 54.2987123079372 2.93396997451782 17.7091808319092 NA NA 20.134729385376 17.0004405975342 7.94633007049561 12.5169897079468 NA NA NA NA NA NA NA
"Burkina Faso" 52.6449378491703 5.38379001617432 22.661169052124 NA NA 9.63659954071045 8.18673992156982 4.76496982574463 6.50187015533447 17.32014 NA NA NA NA NA NA
"Bangladesh" 67.1355868778783 NA NA NA NA 24.2318000793457 24.016960144043 16.9832897186279 20.5650691986084 37.11937 4.01797008514404 5.43865013122559 2.65644001960754 0.193049997091293 0.26010999083519 0.12873999774456
"Bulgaria" 64.3826202477506 NA NA NA NA 49.5482292175293 64.1923522949219 79.3370208740234 71.5215225219727 NA NA NA NA NA NA NA
"Bahrain" 78.3193560020542 NA NA NA NA 40.6614799499512 36.9924507141113 67.8406295776367 50.4818992614746 21.85798 1.42034995555878 1.42847001552582 1.40341997146606 0.244470000267029 0.268620014190674 0.194110006093979
"Bahamas, The" 70.2575219701429 NA NA NA NA NA NA NA NA NA NA NA NA NA NA NA
"Bosnia and Herzegovina" 68.7634648796227 NA NA NA NA 44.9950714111328 NA NA NA 9.3736 1.12071001529694 1.24944996833801 1.00145995616913 0.190500006079674 0.207839995622635 0.174439996480942
"Belarus" 68.2889087752101 NA NA NA NA 60.6196594238281 80.1762390136719 95.0921401977539 87.4290924072266 13.86492 NA NA NA NA NA NA
"Belize" 64.9837758535624 7.56149005889893 21.3652896881104 NA NA 52.052791595459 18.5840301513672 30.486930847168 24.5408401489258 NA NA NA NA NA NA NA
"Bermuda" NA NA NA NA 95.9330673217773 46.9387817382813 15.2836103439331 22.905330657959 19.0272598266602 14.53061 NA NA NA NA NA NA
"Bolivia" 61.7345048621782 NA NA NA NA NA NA NA NA NA NA NA NA NA NA NA
"Brazil" 69.7430902567055 NA NA NA NA 45.9364204406738 NA NA NA NA 0.957949995994568 1.02356994152069 0.900460004806519 0.257620006799698 0.313589990139008 0.208599999547005
"Barbados" 66.8543578901832 NA NA NA NA NA NA NA NA NA NA NA NA NA NA NA
"Brunei Darussalam" 72.1003909428086 NA NA NA NA 46.7428588867188 24.7121696472168 38.421501159668 31.211799621582 12.41771 NA NA NA NA NA NA
"Bhutan" 68.2256345541021 6.85084009170532 22.7664604187012 NA NA 30.2872104644775 15.6105499267578 15.4921398162842 15.5545101165771 15.59269 NA NA NA NA NA NA
"Botswana" 61.6631796378814 NA NA NA NA NA NA NA NA NA NA NA NA NA NA NA
"Central African Republic" 52.879905742539 NA NA NA NA NA NA NA NA NA NA NA NA NA NA NA
"Canada" 66.8977424466943 NA NA NA NA NA 60.1653709411621 80.5779571533203 70.1130218505859 NA NA NA NA NA NA NA
"Central Europe and the Baltics" 66.4039248054466 NA NA NA NA 46.55976 52.1958084106445 73.4233703613281 62.5338287353516 NA NA NA NA NA NA NA
"Switzerland" 66.4658286661214 NA NA NA NA 35.4804191589355 60.4768409729004 62.3120307922363 61.3774490356445 NA 19.9682102203369 23.7830905914307 16.3035907745361 2.93415999412537 3.84717011451721 2.06025004386902
"Channel Islands" 67.5141789687916 NA NA NA NA NA NA NA NA NA NA NA NA NA NA NA
"Chile" 68.7162958723189 NA NA NA NA NA 84.1182403564453 97.8928604125977 90.8963088989258 NA NA NA NA NA NA NA
"China" 71.2021137123803 NA NA NA NA NA 45.9284210205078 55.8812217712402 50.6044387817383 NA NA NA NA NA NA NA
"Cote d'Ivoire" 55.2040848482383 3.25603008270264 18.3316707611084 14.02777 82.0759124755859 NA NA NA NA NA NA NA NA NA NA NA
"Cameroon" 54.6395427998918 3.13120007514954 16.8831596374512 NA NA 23.4407997131348 15.124810218811 13.4038400650024 14.2672700881958 NA NA NA NA NA NA NA
"Congo, Dem. Rep." 50.8165172919176 NA NA NA NA NA NA NA NA NA NA NA NA NA NA NA
"Congo, Rep." 55.5547780005145 3.51104998588562 15.5676803588867 NA NA NA NA NA NA NA NA NA NA NA NA NA
"Colombia" 68.4440570001664 4.45748996734619 15.9826202392578 23.31461 57.325008392334 38.2759284973145 51.0903396606445 59.7243385314941 55.3274917602539 14.8453 3.57410001754761 3.45073008537292 3.68804001808167 NA NA NA
"Comoros" 57.4545668623441 NA NA NA NA NA NA NA NA NA NA NA NA NA NA NA
"Cabo Verde" 66.6129058953559 NA NA NA NA 39.082820892334 19.0447692871094 28.3465194702148 23.6165103912354 7.98015 NA NA NA NA NA NA
"Costa Rica" 69.1254082206391 6.97856998443604 26.086669921875 23.13634 100 NA 49.9598197937012 60.6801795959473 55.2079391479492 NA 2.82293009757996 2.87085008621216 2.78065991401672 0.314749985933304 0.32354000210762 0.307000011205673
"Caribbean small states" 67.490417866657 5.4147801399231 18.5839996337891 19.59513 98.0855102539063 NA NA NA NA NA NA NA NA NA NA NA
"Cuba" 68.6025495906116 NA NA NA NA 58.6018104553223 32.282901763916 51.0078392028809 41.379020690918 4.79499 NA NA NA NA NA NA
"Curacao" 64.4311590640975 NA NA NA NA NA NA NA NA NA NA NA NA NA NA NA
"Cayman Islands" NA NA NA NA NA NA NA NA NA NA NA NA NA NA NA NA
"Cyprus" 69.4930902700408 NA NA NA NA 42.9487190246582 78.0345001220703 84.4954986572266 81.3370819091797 NA 12.2083597183228 12.0213098526001 12.3807802200317 0.755309998989105 0.772040009498596 0.739889979362488
"Czech Republic" 64.9925175870224 NA NA NA NA NA 53.498348236084 74.5298080444336 63.7687683105469 NA NA NA NA NA NA NA
"Germany" 64.9170079001335 NA NA NA NA 39.7631187438965 69.2855529785156 71.4854507446289 70.342643737793 NA 11.1985902786255 11.9414396286011 10.4831600189209 1.25295996665955 1.65306997299194 0.86777001619339
"Djibouti" 65.898304660541 3.62773990631104 13.991530418396 NA NA NA NA NA NA NA NA NA NA NA NA NA
"Dominica" NA NA NA NA NA NA NA NA NA NA NA NA NA NA NA NA
"Denmark" 63.7287848006111 NA NA NA NA 43.9259300231934 68.6591720581055 94.4328918457031 81.183349609375 NA 12.7257099151611 12.9735898971558 12.4785299301147 0.77863997220993 0.944970011711121 0.612129986286163
"Dominican Republic" 64.9400530208454 NA NA NA NA NA NA NA NA NA NA NA NA NA NA NA
"Algeria" 63.4888248687945 NA NA NA NA 43.8982391357422 38.8316993713379 64.4208068847656 51.3656692504883 27.2934 NA NA NA NA NA NA
"East Asia & Pacific (excluding high income)" 70.0049497407552 NA NA NA NA NA 39.9919281005859 48.1935195922852 43.9082298278809 NA NA NA NA NA NA NA
"Early-demographic dividend" 65.2858824260436 NA NA NA NA 40.71268 29.9933109283447 32.4751091003418 31.1918201446533 NA NA NA NA NA NA NA
"East Asia & Pacific" 69.4881662617102 NA NA NA NA NA 42.9728393554688 50.5464401245117 46.5932197570801 NA NA NA NA NA NA NA
"Europe & Central Asia (excluding high income)" 66.9403786823212 NA NA NA NA 56.03061 71.5872192382813 74.7597274780273 73.1376266479492 NA NA NA NA NA NA NA
"Europe & Central Asia" 65.6297563949731 NA NA NA NA 48.01438 67.2117080688477 76.9624099731445 71.9668197631836 NA NA NA NA NA NA NA
"Ecuador" 64.814118271228 NA NA NA NA NA NA NA NA NA NA NA NA NA NA NA
"Egypt, Arab Rep." 60.971499944556 NA NA NA NA NA NA NA NA NA NA NA NA NA NA NA
"Euro area" 64.3321110700018 NA NA NA NA 41.32611 69.1055679321289 81.5580062866211 75.1554107666016 NA NA NA NA NA NA NA
"Eritrea" NA NA NA NA NA NA NA NA NA NA NA NA NA NA NA NA
"Spain" 65.954491369965 NA NA NA NA 43.8613090515137 82.6629104614258 99.9683532714844 91.1125717163086 NA 12.924280166626 12.8073997497559 13.0335903167725 0.660179972648621 0.744249999523163 0.581539988517761
"Estonia" 64.0165694070692 NA NA NA NA 49.0687484741211 56.3122482299805 85.3483810424805 70.3654327392578 NA NA NA NA NA NA NA
"Ethiopia" 55.7158850950668 NA NA NA NA NA NA NA NA NA NA NA NA NA NA NA
"European Union" 64.6889608398238 NA NA NA NA 42.45514 63.4608917236328 78.9234390258789 70.986686706543 NA NA NA NA NA NA NA
"Fragile and conflict affected situations" 55.589526802389 NA NA NA NA NA NA NA NA NA NA NA NA NA NA NA
"Finland" 62.134029481894 NA NA NA NA 51.9164505004883 82.810417175293 98.0627975463867 90.2617568969727 NA NA NA NA NA NA NA
"Fiji" 65.0376973863674 NA NA NA NA NA NA NA NA NA NA NA NA NA NA NA
"France" 62.0089108085333 NA NA NA NA NA 60.3403816223145 75.2104797363281 67.6246566772461 NA NA NA NA NA NA NA
"Faroe Islands" NA NA NA NA NA NA NA NA NA NA NA NA NA NA NA NA
"Micronesia, Fed. Sts." 64.2959872159091 NA NA NA NA NA NA NA NA NA NA NA NA NA NA NA
"Gabon" 59.4102228356395 NA NA NA NA NA NA NA NA NA NA NA NA NA NA NA
"United Kingdom" 63.926052256896 NA NA NA NA 45.4705505371094 51.9860305786133 71.1469802856445 61.3828887939453 NA NA NA NA NA NA NA
"Georgia" 65.3392679684092 3.5210599899292 12.9514999389648 NA NA 58.2004585266113 57.2550582885742 63.7378616333008 60.3344497680664 8.32638 NA NA NA NA NA NA
"Ghana" 59.3350404080317 3.98943996429443 18.5981693267822 NA NA 21.5707397460938 17.7246494293213 13.5652799606323 15.6917695999146 26.51922 NA NA NA NA NA NA
"Gibraltar" NA NA NA NA NA NA NA NA NA NA NA NA NA NA NA NA
"Guinea" 53.2238042069734 2.31593990325928 14.8701200485229 17.2974 72.61669921875 NA NA NA NA NA NA NA NA NA NA NA
"Gambia, The" 53.141274000107 2.42030000686646 11.1882696151733 NA NA NA NA NA NA NA NA NA NA NA NA NA
"Guinea-Bissau" 54.8371314563334 NA NA NA NA NA NA NA NA NA NA NA NA NA NA NA
"Equatorial Guinea" 60.4255237876965 NA NA NA NA NA NA NA NA NA NA NA NA NA NA NA
"Greece" 64.2734830567542 NA NA NA NA 34.6714515686035 142.823150634766 142.882431030273 142.852035522461 NA NA NA NA NA NA NA
"Grenada" 66.8168033448777 NA NA NA NA 53.1770515441895 93.2010726928711 116.224258422852 104.561882019043 5.71252 NA NA NA NA NA NA
"Greenland" NA NA NA NA NA NA NA NA NA NA 3.21502995491028 3.1190299987793 3.32342004776001 0.128710001707077 0.170410007238388 0.0816299989819527
"Guatemala" 60.7525320983504 3.14092993736267 23.7495403289795 13.89463 87.8368377685547 NA NA NA NA NA NA NA NA NA NA NA
"Guam" 65.6863809661696 NA NA NA NA NA NA NA NA NA NA NA NA NA NA NA
"Guyana" 65.335183554427 5.49357986450195 15.9973802566528 NA NA NA NA NA NA NA NA NA NA NA NA NA
"High income" 65.559090459493 NA NA NA NA 40.96702 68.8839874267578 85.7096862792969 77.0411987304688 NA NA NA NA NA NA NA
"Hong Kong SAR, China" 71.2240545977674 3.32651996612549 18.7878398895264 29.38676 NA NA 72.8982086181641 81.1176223754883 76.922233581543 NA NA NA NA NA NA NA
"Honduras" 63.5685008076122 6.06746006011963 22.9543590545654 NA 91.9658584594727 45.1483192443848 22.1838207244873 30.2833099365234 26.1642208099365 21.45735 NA NA NA NA NA NA
"Heavily indebted poor countries (HIPC)" 54.1155308905095 3.54720997810364 17.7091808319092 NA NA 21.99286 10.3949003219604 7.34742021560669 8.87775993347168 NA NA NA NA NA NA NA
"Croatia" 65.0426269817306 NA NA NA NA 48.8120384216309 56.7811813354492 79.0544204711914 67.6542282104492 NA NA NA NA NA NA NA
"Haiti" 61.8083518936764 2.78046989440918 14.4403495788574 NA NA NA NA NA NA NA NA NA NA NA NA NA
"Hungary" 66.4302824033255 NA NA NA NA NA 45.302360534668 55.5622291564941 50.3065299987793 NA NA NA NA NA NA NA
"IBRD only" 67.9374231649798 NA NA NA NA 44.76957 39.0791702270508 46.0043182373047 42.3988304138184 NA NA NA NA NA NA NA
"IDA & IBRD total" 65.2919282010669 NA NA NA NA 43.61337 31.6215400695801 35.314380645752 33.4079895019531 NA NA NA NA NA NA NA
"IDA total" 57.5458919474222 3.69643998146057 16.8321399688721 NA NA 29.69542 NA NA NA NA NA NA NA NA NA NA
"IDA blend" 57.6161525124813 4.40865004062652 16.2254199981689 NA NA NA 11.1109800338745 8.71189022064209 9.93519973754883 NA NA NA NA NA NA NA
"Indonesia" 67.5916370820079 NA NA NA NA 43.2548713684082 33.7519607543945 38.9936599731445 36.3110389709473 27.26144 0.614300012588501 0.76460999250412 0.466470003128052 0.0501700006425381 0.0726900026202202 0.0280200000852346
"IDA only" 57.5102557922918 3.69643998146057 16.9145650863647 NA NA 27.57861 13.3923397064209 10.1814603805542 11.7967796325684 NA NA NA NA NA NA NA
"Isle of Man" NA NA NA NA NA NA NA NA NA NA NA NA NA NA NA NA
"India" 66.7667424975064 NA NA NA NA 41.5650405883789 27.170259475708 29.0616493225098 28.0605506896973 24.72586 NA NA NA NA NA NA
"Not classified" NA NA NA NA NA NA NA NA NA NA NA NA NA NA NA NA
"Ireland" 64.7277787116415 NA NA NA NA NA 72.7032928466797 82.0600662231445 77.2828826904297 NA NA NA NA NA NA NA
"Iran, Islamic Rep." 69.3388675341431 3.9553599357605 21.145679473877 28.23956 88.6715927124023 33.5958595275879 66.6073608398438 58.9113388061523 62.7850799560547 NA NA NA NA NA NA NA
"Iraq" 58.2898349360976 NA NA NA NA NA NA NA NA NA NA NA NA NA NA NA
"Iceland" 65.3725873369903 NA NA NA NA NA 51.765079498291 95.7039184570313 73.1032485961914 NA NA NA NA NA NA NA
"Israel" 60.0977675160436 NA NA NA NA NA 50.9763984680176 72.5549163818359 61.4768714904785 NA NA NA NA NA NA NA
"Italy" 63.9192043068525 NA NA NA NA 37.3576698303223 55.1759185791016 74.1234970092773 64.291618347168 NA NA NA NA NA NA NA
"Jamaica" 67.4532607662342 5.4147801399231 18.5839996337891 19.59513 98.0855102539063 NA NA NA NA NA NA NA NA NA NA NA
"Jordan" 61.9080193928583 3.03434991836548 9.82108020782471 22.74788 27.1660594940186 NA 31.5100402832031 37.3708915710449 34.4153213500977 NA NA NA NA NA NA NA
"Japan" 59.7267812806245 NA NA NA NA NA NA NA NA NA NA NA NA NA NA NA
"Kazakhstan" 64.1476039511304 2.61595010757446 13.8801803588867 9.38161 97.5390014648438 64.4457168579102 48.208179473877 60.0331993103027 53.9882507324219 16.54056 0.0891700014472008 0.0743800029158592 0.102169997990131 NA NA NA
"Kenya" 57.8786464540153 5.30625009536743 19.1040306091309 NA NA NA NA NA NA NA NA NA NA NA NA NA
"Kyrgyz Republic" 63.1548549102717 NA NA NA NA 64.4111785888672 36.006591796875 46.7353591918945 41.2670211791992 11.0836 NA NA NA NA NA NA
"Cambodia" 64.2299052197099 2.16285991668701 8.83897972106934 NA NA NA 14.4195995330811 12.9327898025513 13.6877603530884 NA NA NA NA NA NA NA
"Kiribati" 60.5073933722928 NA NA NA NA NA NA NA NA NA NA NA NA NA NA NA
"St. Kitts and Nevis" NA NA NA NA NA NA NA NA NA NA NA NA NA NA NA NA
"Korea, Rep." 72.6081205891396 NA NA NA NA 35.5679702758789 105.811729431152 84.9479064941406 95.8641510009766 NA NA NA NA NA NA NA
"Kuwait" 75.9106395650123 NA NA NA NA NA 35.8256492614746 76.1370620727539 54.3641395568848 NA 0.453420013189316 0.476179987192154 0.40803998708725 NA NA NA
"Latin America & Caribbean (excluding high income)" 67.0016673664668 NA NA NA NA 42.66906 44.8068695068359 58.4650917053223 51.5626182556152 NA NA NA NA NA NA NA
"Lao PDR" 63.3209313536048 NA NA NA NA 39.8264198303223 14.4255304336548 15.5176296234131 14.9667596817017 11.29744 NA NA NA NA NA NA
"Lebanon" 66.901764700394 NA NA NA NA NA NA NA NA NA NA NA NA NA NA NA
"Liberia" 55.6215816108536 2.58412003517151 8.0626802444458 NA NA NA NA NA NA NA NA NA NA NA NA NA
"Libya" 67.2887220132367 NA NA NA NA NA NA NA NA NA NA NA NA NA NA NA
"St. Lucia" 71.6645866435024 3.33179998397827 14.3638601303101 0 NA 54.4827613830566 9.43990039825439 18.6856002807617 14.0665302276611 7.71379 NA NA NA NA NA NA
"Latin America & Caribbean" 67.0169311014977 NA NA NA NA 41.84233 45.8456687927246 59.7454109191895 52.718448638916 NA NA NA NA NA NA NA
"Least developed countries: UN classification" 57.0263884122303 3.69643998146057 15.3251600265503 NA NA 24.6894 12.3127603530884 8.83969974517822 10.5837097167969 NA NA NA NA NA NA NA
"Low income" 54.640485752564 NA 15.7802000045776 NA NA NA 11.6248197555542 7.40636014938354 9.52799034118652 NA NA NA NA NA NA NA
"Liechtenstein" NA NA NA NA NA NA 48.8372116088867 27.5909099578857 38.3002700805664 NA NA NA NA NA NA NA
"Sri Lanka" 65.3297792245361 2.12420988082886 11.3308897018433 20.74192 60.676570892334 53.764720916748 15.7993001937866 23.4422206878662 19.6302394866943 29.76096 0.707849979400635 0.782970011234283 0.643559992313385 NA NA NA
"Lower middle income" 63.8391554261721 3.98943996429443 16.8831596374512 NA NA 41.54722 23.1992492675781 24.1803092956543 23.6720504760742 NA NA NA NA NA NA NA
"Low & middle income" 65.2867817981451 NA NA NA NA 43.73592 31.3565006256104 34.8117904663086 33.0279197692871 NA NA NA NA NA NA NA
"Lesotho" 62.3825609677432 6.98518991470337 13.893030166626 7.40778 100 52.5979881286621 8.01803970336914 12.3975496292114 10.1962604522705 19.6773 NA NA NA NA NA NA
"Late-demographic dividend" 70.2600618130885 NA NA NA NA NA 45.5921401977539 56.6138801574707 50.8514785766602 NA NA NA NA NA NA NA
"Lithuania" 65.4125423380302 NA NA NA NA 56.1438789367676 62.4353408813477 85.7025527954102 73.7303009033203 NA NA NA NA NA NA NA
"Luxembourg" 69.9380218288939 NA NA NA NA 35.6123199462891 17.3039608001709 19.9639797210693 18.5904693603516 NA NA NA NA NA NA NA
"Latvia" 63.9606027403227 NA NA NA NA 55.986011505127 75.4328308105469 111.845207214355 93.0244827270508 NA 14.6020202636719 11.2482595443726 17.514720916748 1.10706996917725 1.28650999069214 0.951229989528656
"Macao SAR, China" 75.8617304903457 2.7386999130249 14.6670303344727 NA 80.178337097168 37.3860206604004 77.4285278320313 104.460990905762 90.657096862793 14.37169 NA NA NA NA NA NA
"St. Martin (French part)" NA NA NA NA NA NA NA NA NA NA NA NA NA NA NA NA
"Morocco" 65.7807150460324 NA NA NA NA 26.6062507629395 36.1639404296875 35.6977806091309 35.9359283447266 28.74403 NA NA NA NA NA NA
"Monaco" NA NA NA NA NA NA NA NA NA NA NA NA NA NA NA NA
"Moldova" 72.6703527985579 5.43973016738892 17.4610996246338 11.90064 92.3911895751953 57.326358795166 34.1824111938477 45.7187118530273 39.8212394714355 13.84031 1.11343002319336 0.894860029220581 1.30119001865387 0.145689994096756 0.112819999456406 0.173930004239082
"Madagascar" 56.3451322813798 2.82548999786377 19.8182201385498 NA NA 34.0740699768066 5.48737001419067 5.21414995193481 5.3504900932312 24.76469 NA NA NA NA NA NA
"Maldives" 76.1487387918464 NA NA NA NA NA NA NA NA NA NA NA NA NA NA NA
"Middle East & North Africa" 64.9315884130436 NA NA NA NA 37.35939 39.1910095214844 42.0670394897461 40.5891304016113 NA NA NA NA NA NA NA
"Mexico" 66.2194668282759 NA NA NA NA NA 40.7470817565918 42.3089981079102 41.5228004455566 NA 1.51269996166229 1.67630004882813 1.36927998065948 0.0829700008034706 0.111489996314049 0.0579699985682964
"Marshall Islands" NA NA NA NA NA NA NA NA NA NA NA NA NA NA NA NA
"Middle income" 66.5015847525863 NA NA NA NA 44.49189 33.7883415222168 38.3987007141113 36.0107002258301 NA NA NA NA NA NA NA
"North Macedonia" 69.8128189876219 NA NA NA NA NA 37.324031829834 49.2456207275391 43.1165008544922 NA NA NA NA NA NA NA
"Mali" 49.9492838489489 NA NA NA NA NA NA NA NA NA NA NA NA 0.110440000891685 0.219109997153282 0.0098099997267127
"Malta" 65.3737751793975 NA NA NA NA NA 50.3982582092285 68.7696914672852 59.2517585754395 NA 6.64273977279663 6.90148019790649 6.3782000541687 0.491809993982315 0.712660014629364 0.266000002622604
"Myanmar" 67.8443097829163 1.92288994789124 10.3490295410156 14.7764 NA 84.5336074829102 15.6325302124023 21.9838695526123 18.8159408569336 35.52046 NA NA NA NA NA NA
"Middle East & North Africa (excluding high income)" 63.5135193190367 NA NA NA NA 36.8736 37.4906196594238 38.9522895812988 38.2081298828125 NA NA NA NA NA NA NA
"Montenegro" 66.8155442180663 NA NA NA NA 48.2801818847656 47.9499092102051 64.9135665893555 56.0809707641602 14.90056 NA NA NA NA NA NA
"Mongolia" 65.50689290572 NA NA NA NA 59.4437789916992 54.6832504272461 76.6581268310547 65.5954437255859 23.08864 NA NA NA NA NA NA
"Northern Mariana Islands" NA NA NA NA NA NA NA NA NA NA NA NA NA NA NA NA
"Mozambique" 52.4384353894175 5.49984979629517 17.8806095123291 NA NA 28.3962001800537 8.108229637146 6.53363990783691 7.31255006790161 15.16804 NA NA NA NA NA NA
"Mauritania" 56.7757050202881 NA NA NA NA NA 6.46213006973267 3.50047993659973 5.0020899772644 NA NA NA NA NA NA NA
"Mauritius" 70.7321346133359 4.83458995819092 19.647819519043 6.42423 NA NA NA NA NA NA NA NA NA NA NA NA
"Malawi" 53.4522791630613 4.71483993530273 15.7802000045776 NA NA NA NA NA NA NA NA NA NA NA NA NA
"Malaysia" 69.3331042884915 4.48125982284546 19.738639831543 21.34708 83.5316925048828 NA 40.663501739502 49.8546600341797 45.1253890991211 13.34506 NA NA NA NA NA NA
"North America" 65.6274064073782 NA NA NA NA 49.35039 73.4494781494141 100.224426269531 86.5175704956055 NA NA NA NA NA NA NA
"Namibia" 59.4537191301233 NA NA NA NA NA NA NA NA NA NA NA NA NA NA NA
"New Caledonia" 68.0849164086245 NA NA NA NA NA NA NA NA NA NA NA NA NA NA NA
"Niger" 47.4206675078562 3.54720997810364 16.781120300293 NA NA 9.96146965026855 6.18876981735229 2.56518006324768 4.4143500328064 14.69914 NA NA NA NA NA NA
"Nigeria" 53.3859830164984 NA NA NA NA NA NA NA NA NA NA NA NA NA NA NA
"Nicaragua" 64.5508213516632 NA NA NA NA NA NA NA NA NA NA NA NA NA NA NA
"Netherlands" 64.6956486568235 NA NA NA NA 45.8934516906738 81.5980377197266 92.8585510253906 87.0978469848633 NA 11.7291698455811 12.8977098464966 10.6043100357056 0.627430021762848 0.824919998645782 0.437389999628067
"Norway" 65.4017394653615 NA NA NA NA 46.3195991516113 67.4101715087891 99.6901779174805 83.0172576904297 NA NA NA NA NA NA NA
"Nepal" 63.8580639025582 5.10206985473633 14.1018695831299 NA NA NA 11.9641895294189 12.8244495391846 12.4108600616455 NA NA NA NA NA NA NA
"Nauru" NA NA NA NA NA NA NA NA NA NA NA NA NA NA NA NA
"New Zealand" 64.694144015841 NA NA NA NA 49.8290710449219 67.7351531982422 99.1354064941406 82.9830322265625 NA NA NA NA NA NA NA
"OECD members" 65.1787409650818 NA NA NA NA 41.03206 69.7830276489258 81.7841567993164 75.6490325927734 NA NA NA NA NA NA NA
"Oman" 75.3607070585134 NA NA NA NA NA 26.3703308105469 55.5529098510742 38.0362091064453 NA NA NA NA NA NA NA
"Other small states" 64.5682777363324 NA NA NA NA 40.25886 16.4789295196533 24.8297595977783 20.3911399841309 NA NA NA NA NA NA NA
"Pakistan" 60.4174110891137 NA NA NA NA NA 9.554030418396 8.3204402923584 8.95841979980469 33.01575 NA NA NA NA NA NA
"Panama" 64.8329645962083 NA NA NA NA NA NA NA NA NA NA NA NA NA NA NA
"Peru" 66.121004362089 3.72316002845764 17.131950378418 15.77045 81.2929306030273 NA NA NA NA NA 11.8941297531128 12.7545795440674 11.0540599822998 NA NA NA
"Philippines" 63.9143910299006 NA NA NA NA NA NA NA NA NA NA NA NA NA NA NA
"Palau" NA NA NA NA NA NA NA NA NA NA NA NA NA NA NA NA
"Papua New Guinea" 60.738796347755 1.9308899641037 8.72523975372314 NA NA NA NA NA NA NA NA NA NA NA NA NA
"Poland" 67.4299064237598 NA NA NA NA NA 54.8176612854004 82.9814529418945 68.6201019287109 NA NA NA NA NA NA NA
"Pre-demographic dividend" 53.4943352593295 3.69643998146057 17.3785953521729 NA NA 22.10556 10.4571695327759 6.96198987960815 8.71854972839355 NA NA NA NA NA NA NA
"Puerto Rico" 64.4890636781993 NA NA NA NA 55.3100318908691 85.6796722412109 135.158996582031 108.976913452148 NA NA NA NA NA NA NA
"Korea, Dem. People’s Rep." 70.4633660858305 NA NA NA NA NA 35.2200012207031 18.050630569458 26.8349990844727 NA NA NA NA NA NA NA
"Portugal" 64.5882346402803 NA NA NA NA 44.7599792480469 61.2869987487793 70.0112380981445 65.6626586914063 NA 13.6415901184082 10.9112195968628 15.9796895980835 0.588530004024506 0.6387699842453 0.545509994029999
"Paraguay" 64.1292793944163 NA NA NA NA NA NA NA NA NA 6.9596700668335 6.79757976531982 7.11693000793457 0.0557999983429909 0.0640399977564812 0.047800000756979
"West Bank and Gaza" 57.9193329849872 NA NA NA NA 27.636360168457 34.5223007202148 54.3476905822754 44.2538108825684 27.87912 1.70116996765137 2.30831003189087 1.08474004268646 0.255140006542206 0.466340005397797 0.0407099984586239
"Pacific island small states" 60.4261278529707 NA NA NA NA NA NA NA NA NA NA NA NA NA NA NA
"Post-demographic dividend" 64.9540038266679 NA NA NA NA 41.89277 70.9162292480469 86.9284820556641 78.710563659668 NA NA NA NA NA NA NA
"French Polynesia" 68.9475977657655 NA NA NA NA NA NA NA NA NA NA NA NA NA NA NA
"Qatar" 85.08916547614 NA NA NA NA 33.7640686035156 7.01345014572144 54.8674583435059 17.8699207305908 14.03418 NA NA NA NA NA NA
"Romania" 66.1267436456077 NA NA NA NA 51.2792205810547 45.0736618041992 57.4159507751465 51.0125389099121 NA NA NA NA NA NA NA
"Russian Federation" 67.4112110994962 NA NA NA NA 61.9695281982422 77.7532501220703 91.723876953125 84.5842514038086 NA NA NA NA NA NA NA
"Rwanda" 57.0862309044811 3.07375001907349 10.8046102523804 19.82273 74.2014465332031 20.6535892486572 7.45428991317749 6.01427984237671 6.72571992874146 24.74281 0.304140001535416 0.475129991769791 0.158189997076988 0.0160199999809265 0.0346999987959862 0
"South Asia" 65.7430919142796 NA NA NA NA 40.1338 24.04421043396 24.3200092315674 24.1753807067871 NA NA NA NA NA NA NA
"Saudi Arabia" 71.6430638491404 NA NA NA NA 40.7931213378906 66.3368301391602 69.8762130737305 68.0398864746094 18.9733 NA NA NA NA NA NA
"Sudan" 55.9100476051919 NA NA NA NA NA NA NA NA NA NA NA NA NA NA NA
"Senegal" 53.8577459283503 4.83328008651733 21.5294094085693 32.84079 NA 11.9860897064209 15.2358303070068 10.3050899505615 12.7625904083252 27.94423 NA NA NA NA NA NA
"Singapore" 76.2583371703582 NA NA NA 97.6747970581055 36.4679298400879 82.9130020141602 95.4178237915039 88.8864517211914 NA NA NA NA NA NA NA
"Solomon Islands" 56.1594652427714 NA NA NA NA NA NA NA NA NA NA NA NA NA NA NA
"Sierra Leone" 55.9738044352072 6.98963022232056 32.4732208251953 46.3553 NA NA NA NA NA NA NA NA NA NA NA NA
"El Salvador" 64.5808290812314 3.59242010116577 14.9449996948242 9.17133 99.1083831787109 38.3888893127441 27.542760848999 31.1478004455566 29.3719291687012 17.99216 NA NA NA NA NA NA
"San Marino" NA 3.59285998344421 13.9980201721191 NA 95.6250915527344 23.4482803344727 48.5555610656738 35.9523811340332 42.4712600708008 5.09655 11.0855102539063 10.4566698074341 11.6562004089355 NA NA NA
"Somalia" 50.5501049890906 NA NA NA NA NA NA NA NA NA NA NA NA NA NA NA
"Serbia" 65.964526556121 3.58539009094238 8.80428028106689 NA 96.1366500854492 47.3811187744141 56.6962585449219 78.2528076171875 67.1586608886719 22.06857 NA NA NA NA NA NA
"Sub-Saharan Africa (excluding high income)" 54.4534957484254 3.98943996429443 17.7948951721192 NA NA 24.03386 10.6607398986816 8.15375995635986 9.41176986694336 NA NA NA NA NA NA NA
"South Sudan" 54.7813956853029 NA 0.875440001487732 NA NA NA NA NA NA NA NA NA NA NA NA NA
"Sub-Saharan Africa" 54.4738820781197 4.30376505851746 17.8806095123291 NA NA 24.04352 10.6844797134399 8.19449043273926 9.44398975372314 NA NA NA NA NA NA NA
"Small states" 64.8505082331297 NA NA NA NA 42.40142 16.0921802520752 24.8119201660156 20.2279796600342 NA NA NA NA NA NA NA
"Sao Tome and Principe" 54.5543719316868 5.14906978607178 20.1165409088135 NA NA NA NA NA NA NA NA NA NA NA NA NA
"Suriname" 65.9233667251168 NA NA NA NA NA NA NA NA NA NA NA NA NA NA NA
"Slovak Republic" 68.9246167348919 NA NA NA NA 46.1945304870605 36.3080902099609 54.8890991210938 45.3672294616699 NA NA NA NA NA NA NA
"Slovenia" 65.3713452980191 NA NA NA NA 42.1662292480469 63.4781112670898 91.6323394775391 77.1131210327148 NA NA NA NA NA NA NA
"Sweden" 62.3226896122783 NA NA NA NA 45.1221313476563 56.1454086303711 89.779296875 72.4611663818359 NA NA NA NA NA NA NA
"Eswatini" 57.8729205187801 NA NA NA NA NA NA NA NA NA NA NA NA NA NA NA
"Sint Maarten (Dutch part)" NA NA NA NA NA NA NA NA NA NA NA NA NA NA NA NA
"Seychelles" 68.7700832166104 NA NA NA NA 50 11.2356195449829 23.3040199279785 17.0798492431641 17.54688 NA NA NA NA NA NA
"Syrian Arab Republic" 64.0753347716682 NA NA NA NA NA NA NA NA NA NA NA NA NA NA NA
"Turks and Caicos Islands" NA 2.9143500328064 12.1232995986938 24.43859 NA NA NA NA NA NA NA NA NA NA NA NA
"Chad" 50.393181066809 NA NA NA NA NA NA NA NA NA NA NA NA NA NA NA
"East Asia & Pacific (IDA & IBRD countries)" 69.9992529215217 3.16515493392945 9.59400463104247 NA NA NA 40.0551414489746 48.6120796203613 44.1398582458496 NA NA NA NA NA NA NA
"Europe & Central Asia (IDA & IBRD countries)" 66.9294166164636 NA NA NA NA 55.00872 69.1708374023438 74.793083190918 71.9174194335938 NA NA NA NA NA NA NA
"Togo" 55.7960084891888 5.36956977844238 21.7690906524658 NA NA 6.3415699005127 19.2262096405029 9.79749965667725 14.5239295959473 21.33152 NA NA NA NA NA NA
"Thailand" 71.0121180433042 NA NA NA NA NA NA NA NA NA 2.05562996864319 1.81175994873047 2.27850008010864 0.101020000874996 0.10394000262022 0.0983399972319603
"Tajikistan" 60.1938283684959 NA NA NA NA NA NA NA NA NA NA NA NA NA NA NA
"Turkmenistan" 64.7510015978736 NA NA NA NA NA NA NA NA NA NA NA NA NA NA NA
"Latin America & the Caribbean (IDA & IBRD countries)" 67.000560916215 NA NA NA NA 41.15164 45.9200897216797 59.6232299804688 52.6984214782715 NA NA NA NA NA NA NA
"Timor-Leste" 57.9028434336982 6.79295015335083 7.93410015106201 NA NA NA NA NA NA NA NA NA NA NA NA NA
"Middle East & North Africa (IDA & IBRD countries)" 63.581080665771 NA NA NA NA 36.99031 37.5384216308594 38.7043991088867 38.1107788085938 NA NA NA NA NA NA NA
"Tonga" 58.6305803463279 NA NA NA NA NA NA NA NA NA NA NA NA NA NA NA
"South Asia (IDA & IBRD)" 65.7430919142796 NA NA NA NA 40.1338 24.04421043396 24.3200092315674 24.1753807067871 NA NA NA NA NA NA NA
"Sub-Saharan Africa (IDA & IBRD countries)" 54.4738820781198 4.30376505851746 17.8806095123291 NA NA 24.04352 10.6844797134399 8.19449043273926 9.44398975372314 NA NA NA NA NA NA NA
"Trinidad and Tobago" 68.8454739132406 NA NA NA NA NA NA NA NA NA NA NA NA NA NA NA
"Tunisia" 67.5142005746377 NA NA NA NA NA 22.8032894134521 41.2349815368652 31.7465190887451 NA NA NA NA NA NA NA
"Turkey" 66.8673769209477 NA NA NA NA 44.4249801635742 119.17520904541 107.051193237305 113.217071533203 NA NA NA NA NA NA NA
"Tuvalu" NA NA NA NA NA NA NA NA NA NA NA NA NA NA NA NA
"Tanzania" 53.3004626710946 3.69643998146057 20.5600109100342 NA NA NA NA NA NA NA NA NA NA NA NA NA
"Uganda" 51.1284878975505 2.13052010536194 10.917010307312 NA NA NA NA NA NA NA NA NA NA NA NA NA
"Ukraine" 67.7529003875501 NA NA NA NA NA NA NA NA 10.32792 NA NA NA NA NA NA
"Upper middle income" 69.1984598714327 NA NA NA NA 45.78851 47.3379211425781 56.5737495422363 51.7912292480469 NA NA NA NA NA NA NA
"Uruguay" 64.5774993948021 5.04758977890015 15.1999702453613 NA 93.6529006958008 NA NA NA NA NA 2.08136010169983 1.93551003932953 2.2107400894165 NA NA NA
"United States" 65.4833059619314 NA NA NA NA NA 74.8950500488281 102.354042053223 88.2991790771484 NA 13.0503797531128 12.8409404754639 13.244930267334 2.03264999389648 2.45290994644165 1.64228999614716
"Uzbekistan" 66.8948047070961 NA NA NA NA 41.9843101501465 11.8227396011353 8.24899959564209 10.0763502120972 11.93428 NA NA NA NA NA NA
"St. Vincent and the Grenadines" 67.8689060075673 5.69377994537354 18.8118991851807 NA NA NA NA NA NA NA NA NA NA NA NA NA
"Venezuela, RB" 65.0663627988088 NA NA NA NA NA NA NA NA NA NA NA NA NA NA NA
"British Virgin Islands" NA 2.46599006652832 NA NA NA 54.6875 11.6558704376221 20.9433994293213 16.2540893554688 5.4375 NA NA NA NA NA NA
"Virgin Islands (U.S.)" 60.998280473825 NA NA NA NA NA NA NA NA NA NA NA NA NA NA NA
"Vietnam" 69.5523448704195 4.16744995117188 14.4682998657227 NA NA NA NA NA NA NA NA NA NA NA NA NA
"Vanuatu" 57.5116167828345 NA NA NA NA NA NA NA NA NA NA NA NA NA NA NA
"World" 65.3309049099684 NA NA NA NA 42.78147 35.8906288146973 40.984748840332 38.3554611206055 NA NA NA NA NA NA NA
"Samoa" 56.8788909340281 NA NA NA NA 45.5172386169434 9.58588981628418 20.3042602539063 14.6420497894287 NA NA NA NA NA NA NA
"Kosovo" NA NA NA NA NA NA NA NA NA NA NA NA NA NA NA NA
"Yemen, Rep." 57.5088399699032 NA NA NA NA NA NA NA NA NA NA NA NA NA NA NA
"South Africa" 65.6025058468641 6.15898990631104 18.8735198974609 15.25153 95.2736206054688 NA 19.3534603118896 28.314380645752 23.8019599914551 NA NA NA NA NA NA NA
"Zambia" 52.9641808172429 4.61809015274048 17.0480098724365 NA NA NA NA NA NA NA NA NA NA NA NA NA
"Zimbabwe" 54.659410108955 5.87134981155396 19.0398406982422 NA NA NA NA NA NA NA NA NA NA NA NA NA
